5.0
198.18989780429473
4.920172216817288
204.37408487788244
4.841618928628149
205.27606436963566
4.764319787410581
206.6893140013698
4.688254770010078
204.22987830718833
4.613404172952942
200.33027294753285
4.539748607342401
202.19542421483467
4.4672689938362105
207.08761264430822
4.395946557704448
200.14524477235275
4.325762823966205
203.98004699864003
4.256699612603923
197.70641013520682
4.188739033854147
207.2056679630067
4.121863483573453
206.40855892697817
4.056055638678365
206.78378661319903
3.991298452658078
206.26861264924335
3.927575151158822
203.2998461946832
3.864869227638719
202.05646458038305
3.8031644390920234
199.15995189197508
3.7424448018416157
203.38134937952304
3.6826945873986796
203.13970498811912
3.623898318388478
206.35789121514912
3.566040764541176
206.12660080006626
3.5091069387466742
208.6380292297349
3.4530820931724304
193.473627042908
3.3979517154432557
207.61703272830542
3.34370152488211
205.24670813588062
3.290317468810912
202.61826991281103
